7647
7232
5017
886
6817
242
1132
1962
9839
5109
4584
9599
9838
388
6032
2871
8471
4376
2343
4831
7861
60
7706
7408
6717
9191
6035
7677
3855
9646
1273
4015
7997
5050
3534
7711
9369
1957
4123
2790
1231
3318
3127
9972
5032
5740
3925
3888
2046
504
2290
6589
7274
1170
9923
1466
5562
1771
6027
8928
7025
5012
7525
2294
9540
152
7058
5323
393
2899
5942
2657
8042
5750
2644
6713
7904
8335
6605
2792
4085
903
7715
9010
9464
268
5415
2867
9114
8392
1379
8575
2084
8702
5269
473
1623
2724
7866
545
9600
5175
1574
957
8999
3913
7421
788
8186
6542
6927
4135
8816
4038
4085
8108
6220
895
7735
7869
3877
5871
7541
4047
9524
4448
7778
4652
18
6177
4411
9776
2531
6386
7823
5160
6785
3851
8588
479
6618
1718
1915
6688
4626
6881
5906
6974
9618
2159
4248
7571
1736
7245
7948
6548
6088
7475
1033
5185
7730
1956
6940
1887
5002
3179
4869
5573
9650
4615
8881
516
4248
3795
7746
1739
5267
8750
1133
5257
9541
4578
8309
452
5977
7443
2545
5433
9010
9490
8689
543
2493
5758
702
9679
8054
7342
6270
3261
3393
3710
6338
1151
4976
3918
9846
4284
9583
4755
2465
4942
736
8357
5859
4261
8388
1043
5292
8746
9732
6457
7117
5055
8109
430
3095
496
2720
211
4481
135
8599
3082
4204
2931
3231
3411
8326
5553
8391
6973
2527
9371
5638
8699
8667
8636
4890
6688
9951
5224
9128
9609
7339
596
6334
6443
2243
135
268
7549
4994
3917
5790
877
86
4763
676
1651
8710
5722
4323
6112
5308
6255
6699
338
5574
7868
6755
6892
726
7936
4490
9322
9111
8188
417
5216
8977
9734
18
1181
6238
8214
1200
5533
4640
9290
6142
7977
5450
1351
820
7932
9391
9032
5178
5585
4675
4024
250
7347
7071
1556
4077
7339
4703
6964
6680
3706
9562
3417
4855
3153
2768
2003
8637
3524
1262
7879
1018
256
3429
7715
1773
1385
1130
1637
5264
5077
5290
3590
7954
5045
1508
2060
4908
6726
5206
7164
5293
8571
4436
4579
9703
72
6061
738
2434
2469
1268
8114
3006
649
9296
5101
9900
5080
3441
4481
293
1452
870
3002
7212
4217
4105
7822
9581
3107
7293
7364
3563
7588
4531
8666
7224
6379
1742
5389
3596
5191
29
4663
9934
3559
6858
4269
190
3050
8143
5740
4542
2958
2950
6098
4547
5912
4800
2667
6276
6991
5960
6194
7709
4801
6884
2048
3113
6415
24
5812
2829
5580
715
1190
4806
6937
8522
866
6242
7725
1590
3959
8823
8286
1488
1793
1057
3794
3189
5761
5721
2677
3145
1690
4031
635
6461
676
3788
713
655
260
3198
2334
3933
7149
1570
6555
8
6155
2611
4611
3310
4293
9824
5485
2922
6500
5669
9150
1472
4921
6082
7739
4107
2093
446
7879
5298
1622
9291
8123
1802
4055
779
1866
9619
2943
422
739
7244
2809
5722
1690
230
4220
1064
5808
1069
552
6368
7443
5254
3994
7410
9851
1803
3298
8980
6845
648
1722
9491
7636
6812
9548
4856
1753
2991
7436
8178
6094
3960
8453
3308
8948
3016
969
8592
4479
1398
9388
2554
4094
2123
6698
7493
7281
8041
4118
9304
8404
9703
543
8797
8808
9713
7089
667
2296
4980
4507
7967
7812
4168
5612
4293
2582
251
5011
1834
9680
211
5839
2261
5687
3899
7125
5036
4909
4910
5146
7297
8253
9086
4109
9842
5861
669
8529
4476
7519
2234
5041
1818
9991
3820
338
6777
5962
7362
8247
6532
8301
3794
1998
9674
8238
2234
8858
8800
3690
6983
7110
1003
8308
9037
5109
8972
1553
7445
6022
3894
5694
6219
3479
8333
1908
5974
6615
2142
4871
2648
3514
9087
7954
3562
2541
2339
6902
4528
256
6193
2426
9646
7001
2154
1899
8373
4838
5655
9381
5312
5662
2311
5686
6678
5
9386
4664
8111
2531
9883
7655
8366
6258
8143
4999
3896
1258
2952
514
7463
6357
5591
8387
554
3566
4873
3344
9155
6380
6655
6301
8536
5352
2980
4366
70
1176
6967
7973
962
6054
4283
7660
6720
1035
9525
3841
7790
8628
9738
8919
4256
8046
4558
8575
7122
5908
1655
7872
4030
5633
9070
2282
9915
7168
466
4878
2720
3640
5840
5649
5210
2513
6246
79
4405
7475
6081
3793
7877
5041
9847
7976
3759
7813
3761
6560
5171
5226
5231
2337
562
9326
3152
1047
3726
6430
3661
9866
9503
854
4342
8359
1236
8396
9294
4147
7389
8348
1726
1760
1701
4480
7925
6774
1093
3674
9380
1053
1200
5583
9416
7648
7465
5936
8315
4690
636
2575
8011
5057
3362
8903
2851
2301
2777
4844
8938
9677
3230
870
3551
8272
9543
3608
893
961
3307
9777
5563
8921
2764
9182
2567
4708
7962
4818
8920
8623
7632
7659
8315
5943
4827
8508
4846
2380
5876
3240
2043
4518
5357
7293
9295
1672
6211
5943
1798
9378
566
4771
6278
5304
4736
9526
4226
971
344
7504
2886
4324
9925
5891
857
3451
5453
4145
966
5955
8413
1798
6289
9508
5314
2978
461
6016
3009
8822
9987
3154
4486
557
6719
2353
398
196
625
7947
270
6222
2505
5629
3267
6996
7128
6435
8813
3139
2258
8396
556
3608
3618
5272
1806
7903
8076
9410
3986
4190
1051
6656
5218
7997
2047
8037
3708
5561
4558
2153
2652
9151
2281
7096
1534
3843
3853
7442
4339
7816
1660
9141
1585
1041
9257
9659
6493
2602
1864
6474
2106
8785
1229
8454
4496
8034
911
7028
3834
6831
9747
5648
5037
9790
8779
9209
1291
1554
243
3801
8272
5902
6768
4691
3491
3825
6827
1751
3926
2228
9101
6426
7808
5295
8673
5729
722
7501
6860
2727
7543
7451
273
5577
7817
2835
3430
8874
1581
9151
7214
8849
2265
3339
9641
6755
3926
1381
6470
9252
6442
5161
9335
1257
4219
7928
1800
5098
3312
1869
3182
9852
5580
4138
9917
7533
439
1723
7050
895
3112
7123
9990
8943
3397
3596
8287
268
7361
2800
7387
7634
9752
8041
2899
2020
6799
8500
1309
7627
7870
3863
3552
1150
1248
909
8310
7301
1436
8698
6425
5909
5860
6717
6423
639
3894
2318
3911
4306
5738
6484
6548
460
5430
7297
4291
9348
6456
5978
9269
4949
7569
308
1346
6808
614
4513
8376
8956
402
7684
2243
6411
8
1976
952
4651
8207
3420
986
8295
5847
8536
618
3403
6525
3315
7224
4036
6032
1316
3286
8922
8941
95
641
5209
2985
9467
941
5169
8647
743
8546
5486
4730
1503
5950
2035
9945
6565
6109
3173
7770
5299
8909
4480
2283
4049
320
9526
5193
2877
8188
1718
4676
4775
1411
8365
1097
4703
2596
9140
5230
1021
4671
4234
8841
1004
1934
5476
6719
6616
4930
2897
7692
6418
6036
6395
6756
7709
3986
1450
5319
1866
620
6188
5812
6933
6760
2236
2310
6205
3714
7917
9830
4358
3553
6816
489
8493
4614
8494
9908
3929
7188
5789
9378
2512
3192
5493
9921
9162
5338
3795
2844
7946
794
7502
4355
2599
476
1029
667
9606
5709
4726
1872
509
3996
7100
1573
561
2092
6229
1474
6164
3103
5532
6895
9563
3237
8184
8266
7347
9060
9897
3250
6225
6517
6844
9207
4222
5278
4553
6392
367
1734
7318
8402
1106
7311
583
8906
1085
5676
9143
2110
4799
2613
2500
7794
780
2112
2212
9998
851
2030
8528
5258
8768
8108
1724
2551
8248
6408
5135
39
4775
5885
1886
629
5379
7177
375
9630
1259
8287
6142
6031
3905
9459
5255
6536
2131
4167
873
4906
1500
3747
1344
3420
1932
2365
5498
4951
5154
900
5219
2554
5384
3837
5217
3965
6828
1512
4542
3077
7728
3408
2991
3115
4868
5012
2000
1403
1796
6082
9207
5062
1406
3196
8020
8973
9237
3171
9602
6684
8481
3626
6192
2092
4104
2602
4089
47
6857
2722
9640
513
948
3876
305
143
4970
62
5413
3444
4765
849
604
6081
6473
4816
4532
4456
2112
1254
7299
1179
8596
1545
8348
4915
6563
4256
4294
2383
2521
751
3174
4371
6462
1500
8910
4462
1614
3210
918
9375
9685
7315
8748
2493
8230
9093
4617
9153
5806
8431
9703
2453
6447
9896
2697
5933
1146
5534
3772
2292
2890
2264
5039
247
3965
7000
7493
2085
7348
2042
5105
4833
3151
5465
9091
2690
1453
3498
1314
8535
7492
4293
224
1275
8839
8616
3984
5770
6730
5314
2569
286
5368
5589
1124
9357
7982
6610
4591
794
1359
4020
179
8474
4834
1838
3559
40
2841
1327
7020
5865
5147
2150
4832
9299
9613
668
9656
3125
6675
5621
2711
9105
1168
594
7541
2052
6264
2316
458
6251
327
9805
2409
9174
6225
9938
7418
2856
7268
9038
1224
2330
8155
8019
1452
2676
3765
6729
7606
5615
7307
5070
9556
8226
1095
7569
5512
4674
6674
8977
2598
2570
1378
9828
9401
5588
7589
5358
5946
3976
8710
444
711
7596
142
4016
6658
590
3929
2267
6333
568
7468
4982
5637
4534
6359
6516
4170
6125
8105
6061
692
7174
4702
2924
9513
29
2188
2360
9992
4713
4614
4093
4446
8556
8377
5003
7558
9658
74
7767
3804
6245
7778
5632
8049
1894
3921
3513
5361
8299
7121
5285
716
6345
323
8202
765
2414
8504
1949
4724
7184
8269
4919
9725
8591
6555
306
1965
7682
7663
5588
2118
5165
9996
36
2188
3288
4416
6041
6843
8546
6720
8022
7491
7771
3955
6832
5375
2644
9392
642
6525
8665
9037
7046
2313
7005
4323
1026
448
3545
9723
7948
7815
5031
7540
2825
10
63
6139
2321
8231
1667
9824
3773
4022
7594
8
1329
6618
2365
2769
6417
1531
6236
5096
2833
7115
4219
3687
7464
5918
8419
4706
8653
7563
1473
758
5581
5934
4018
522
2919
760
1333
9662
7869
5628
7093
1968
3148
1776
3953
6812
7960
2402
5919
4864
6358
7156
8827
4460
5100
9726
4594
3896
6950
2133
8024
1609
9153
4030
6706
6369
2740
4955
2133
2083
9702
8793
97
7234
6217
9126
9595
1300
7198
3466
8376
9115
6362
8709
8445
1882
8368
7808
2360
905
5924
8671
13
9538
903
9824
4427
9425
963
685
4778
140
1080
5443
4900
7138
7274
3189
7586
4724
6016
9968
9693
4008
6366
5532
1575
6932
2654
2167
274
8482
5766
1137
4388
1248
3823
2543
6398
4976
7930
7392
6561
5298
7370
6681
2046
5172
1681
7054
9311
9439
5386
5233
8443
8718
7702
1141
442
5298
4846
1326
7219
6714
9343
7188
9922
2169
515
7517
5571
1356
3227
2672
7156
8536
252
6946
7212
2088
6663
3506
5786
8311
2073
1585
4186
3082
3837
7655
6796
1509
377
8804
2894
9160
4441
7722
3930
3309
4042
1769
5367
2534
5276
8652
4356
5092
4590
7715
7110
6033
3476
2066
6789
8837
4035
3786
584
72
5129
9252
5506
7540
2073
2162
3152
2097
8669
1263
5447
1912
1894
7164
4771
9133
2289
7343
6513
1893
7490
8485
3218
3471
3818
3502
5027
7087
5336
6550
7792
4395
440
81
3910
3197
3312
3955
4004
9653
466
7083
9673
5787
9560
8743
59
8665
5632
9793
6613
1016
2907
1583
1033
7671
5759
8680
515
55
5500
5840
1122
3002
7643
975
4305
7060
1712
3072
369
6922
2762
3568
1633
1619
3563
6344
4053
2232
5867
9363
7720
1706
1952
3556
8341
9330
7148
7645
6254
2214
6653
2832
7879
8523
7101
2010
7835
8758
8823
9830
6990
233
8729
6953
5102
5647
7616
76
6390
3228
4411
1869
491
7081
1504
2601
5678
6737
8038
487
4272
847
6894
6741
8606
7402
4490
3798
4353
833
8409
8479
2251
8248
8269
2983
869
9436
1068
754
7752
686
8267
4623
3354
5131
5362
962
3292
9329
1656
6580
8411
442
253
6628
9732
8238
764
3752
2685
960
3208
880
4187
798
4618
1147
2539
5445
7245
2898
6237
915
7438
9963
4449
8242
3708
4326
6285
6601
5479
4692
8340
1703
552
9691
3003
1056
7022
3083
9210
6175
4456
4128
9433
3284
3888
6942
2362
4966
97
159
8823
4574
1534
7935
8595
4855
8601
7508
6668
6501
3585
2626
3720
2359
8586
22
483
3170
6511
8170
645
6891
1005
4293
7642
763
5036
1995
9275
1935
1043
2503
2478
6847
4528
1966
7126
8881
7078
4836
4633
655
5283
8439
3803
7945
8616
4029
4171
3238
6137
2708
2400
3699
2450
845
2180
5129
9180
1381
7339
7424
7315
5588
7956
4607
1677
6368
9261
1044
1655
8469
971
5707
9400
3884
6073
5174
5824
7776
2282
9168
411
2542
6309
801
5668
1317
5899
8953
9375
6073
4715
3617
101
9755
8329
1279
3686
7481
7500
1401
3940
4144
6692
7571
4662
6316
4131
7338
3729
6136
2881
632
2576
4895
5657
1687
472
4518
2620
8752
9975
3390
1764
6618
8654
1651
3300
7006
1139
6524
1738
1781
1461
1765
9833
3780
6881
2197
9637
2923
6486
1575
775
6701
189
9963
8902
7761
6871
2551
4099
4257
8276
1350
4842
6528
265
1600
2926
348
5761
2307
6158
3351
4744
6417
7375
4378
6845
2668
9925
4358
987
2036
1872
301
4920
7272
1631
6179
7040
4619
5519
8240
3361
6414
3678
9270
5840
4541
3787
8116
9700
3002
4981
3489
8132
1759
5318
4275
8736
2870
5010
7709
8932
4113
1080
1763
2309
1132
8294
5304
887
133
8861
7112
6212
1647
1861
7641
6451
9835
6546
8260
2230
5912
7360
4247
3708
6999
1475
6443
4958
2879
2531
348
6487
8224
4834
4297
7799
9592
9989
6740
407
3291
6305
4921
5057
2947
4754
9355
5866
304
5762
4117
8947
2555
2570
3466
9349
7358
7521
2457
9868
7679
1867
8058
6420
9758
5057
1214
5103
923
3231
3116
9471
519
3407
216
700
6092
186
1251
6193
3295
4535
9134
2384
1786
5863
1803
9689
8225
2078
45
6577
6189
2135
9291
7280
8343
177
2232
3348
6447
6716
7471
8048
4427
7474
2739
9392
5091
6688
4657
2054
2044
4795
65
7281
1066
4389
4847
4212
4060
2544
9086
645
641
9914
9972
7531
933
1530
1204
1579
8095
9601
979
4518
7557
4929
9229
19
6658
7169
8783
7055
9567
6330
313
2980
9872
6082
8267
8014
3812
3491
5749
3300
7575
7664
4477
7169
7966
5593
9851
4483
4977
3368
8077
7864
5200
5815
1464
3813
2046
8405
112
1867
9396
1240
24
4368
9692
1318
2319
3271
1028
2397
2222
9869
9486
6164
382
8340
6969
3881
6946
8912
1291
7983
9747
9419
2731
6991
8646
9335
337
7824
5011
9207
5366
4940
5133
3702
7046
5440
6338
6672
4549
3736
2973
5100
672
6309
6868
6662
9357
6446
9009
3372
4310
8606
4410
2501
1462
811
9430
8377
2565
1545
8923
9396
5672
8115
7692
2642
5264
7975
8521
6662
4287
2527
8878
8641
1410
4789
1511
5125
165
7182
2660
8631
7835
4814
8145
559
9075
507
8412
2850
4592
306
601
9466
7395
7080
1602
3688
518
4567
3729
1911
9445
7867
4620
533
9557
321
3616
6959
3574
5993
7260
6361
2133
2746
1903
9087
7341
1547
2544
5409
5192
7337
3495
3161
8814
6947
9494
668
5691
347
3337
2556
1767
696
5669
4209
708
6199
7790
9989
4487
3809
6717
9015
2693
2502
7462
4260
6650
100
778
6343
4870
5374
2368
4985
2252
9365
3647
2225
3140
5655
9680
2372
2958
3415
4731
6142
7203
5473
7949
2135
2748
1332
1761
7445
1291
908
1604
8667
2244
3021
5594
1785
5848
1666
9007
7186
7508
7675
1394
4700
27
8635
901
6205
549
1417
1615
2565
3304
905
8829
3131
7996
6201
8492
8729
6337
7576
952
2771
8531
3193
738
2591
3991
3049
3074
7252
4627
7297
8805
6443
6576
1139
1692
5532
9842
2754
321
5825
7121
3191
7882
7394
5517
1150
1620
4318
8348
1570
7117
3375
6050
5724
5034
3810
2596
4643
3060
4861
7073
3818
3328
6877
6561
6737
8313
8318
9440
4722
6796
8987
6464
7912
642
5925
5780
2036
2080
8657
4712
1517
5769
8737
6332
4784
6435
260
8247
6048
2607
5298
1941
495
7723
929
4931
8069
4364
7405
6615
1946
4592
6372
9667
5680
6412
4980
1038
5079
8940
5476
5332
1758
9723
6476
6359
7463
1524
1799
7325
2071
6189
9298
9205
9537
4482
1665
6252
7657
8383
6208
3716
1495
6196
8799
9907
3131
7616
5989
4376
2645
4421
6742
9673
1260
2627
6797
5273
9987
8122
9482
721
9200
2540
8636
8865
5754
7241
6388
4668
1626
6138
157
556
9783
842
7302
5416
444
2926
5288
2139
8939
3812
4326
5652
5887
2663
4156
8756
656
129
9397
704
9896
1927
6949
722
1820
5567
7838
9261
3876
548
4354
3284
7485
4712
8405
3518
8050
8185
2608
4510
9480
9949
3865
6286
2913
6875
2711
1092
3377
7935
5304
7555
2397
6439
5937
9727
658
6542
4668
3178
8162
6039
4885
9283
7670
5679
43
9419
454
7436
850
5008
4935
5351
8708
7909
1515
7035
7875
3933
368
1408
8421
2361
7959
3059
6779
2757
3
4471
5070
6350
4522
7509
6176
9418
3285
1792
5170
4751
3174
368
5781
6847
7260
9501
8655
7498
4834
8086
5149
2268
3218
9790
6667
889
7067
2688
3751
2325
4968
2011
4389
26
550
953
7473
9923
6172
7235
8169
6963
8800
4848
8892
4996
4494
6770
4301
4600
6074
5580
4471
2955
5696
9477
6923
1863
8491
7193
5592
4162
3790
3485
4007
8438
5250
4110
4486
8850
7163
4043
6195
1268
1005
870
596
100
8693
8074
1428
7829
2915
9464
9887
3812
4372
1237
1562
7741
6212
2085
1020
9079
6812
553
1003
9849
9351
7614
7030
3505
8949
3521
6723
1633
8208
3101
4932
3335
815
8538
5307
985
1528
3166
2469
6166
9019
2332
6073
9767
306
3089
8318
5400
3945
3018
7936
1235
4850
2223
3844
7631
9796
7720
8506
4549
6855
5407
9577
4457
5189
5962
5376
5602
9708
9116
7111
8633
8186
4650
6012
7745
2745
4870
5173
7244
5647
5054
54
3456
2557
5284
7389
2703
5180
4698
4797
1778
6745
7556
2568
6125
7948
3363
6489
3457
8226
9220
354
9006
7304
1845
8401
4762
7316
6576
6909
8103
6711
7608
9001
4963
1108
3595
9718
6189
7941
7145
218
1473
5745
5459
4165
3710
5745
1054
3895
1133
4959
5125
8753
689
1439
8102
8942
1266
6630
6992
2265
9033
5030
2727
10
21
5810
8213
5194
1849
5523
3472
7419
5975
6205
5229
6947
9570
9853
8054
9559
4453
3245
7461
7140
8103
6276
2255
9615
4420
7232
5071
7240
6554
2637
370
888
6383
9686
7167
9902
9796
6555
1763
3652
4698
7980
3951
2294
6304
9545
6871
7069
3089
2258
2943
2154
7992
5418
1975
2109
228
4427
6467
9176
2824
8644
3772
2524
1828
9480
3577
5085
3241
9757
1848
5625
8630
7238
6343
7412
2117
6360
8394
4708
3435
5549
1504
8615
8380
788
8363
7666
5124
6421
7326
4769
7596
596
3325
3774
2425
7726
8852
5689
4231
1611
8812
8666
9718
555
7865
3772
8392
3317
3852
5954
2580
6657
9748
5104
74
1868
3006
5325
657
8918
7227
6030
9508
2587
5708
2620
9919
8671
7491
3831
9475
9913
479
3714
1924
547
5926
1175
8024
7604
5133
5007
4677
774
9513
4807
6541
5232
7302
4145
9691
905
6079
4678
9547
9475
4648
9275
6709
4336
3818
6690
7928
360
7259
2431
5026
9426
7996
1499
4173
4212
6089
4721
42
2407
8095
9487
9570
5464
8158
8369
9934
6252
3201
6661
1046
1502
222
5921
2636
9422
5292
9712
1757
6879
4359
3490
2338
2405
8498
8577
4071
9229
8625
9449
2499
6788
9348
9781
5604
9647
9980
339
3257
3607
8988
2032
1583
1830
2271
2891
8366
1393
3144
6896
2045
6475
4213
9880
8195
3201
7208
3616
4150
5506
9262
5124
4338
2862
1288
5038
9422
8474
9764
9080
6994
2948
2346
6150
3027
2453
7528
6972
4644
1469
6857
173
2318
6075
4601
9745
4494
1455
1349
458
3177
8325
1732
7783
685
6142
9620
6333
540
4608
6431
5777
6413
5891
9086
4468
5291
8937
9103
5963
8909
8017
767
5146
5437
3245
2940
8511
8295
5125
1685
7851
6517
9306
6197
2783
1379
2626
9798
6909
5725
9244
610
5808
8402
9052
1779
3845
2211
6856
4345
8757
8953
5644
9912
1445
3344
9
4531
9050
7083
4314
854
4552
4609
6810
4620
2151
9172
5146
8008
7794
811
8180
3346
1866
9186
5939
6993
4289
3015
7257
7169
6859
4593
8449
7317
7904
6724
8303
1001
2829
7878
3447
1529
4837
8195
9013
6871
880
246
6052
5226
4387
2509
7410
5901
7352
1717
5733
7417
3413
9488
5351
4514
6818
5545
4786
6639
6046
4014
7740
3968
2493
395
7791
9459
3875
1794
7312
1843
4521
7669
5713
8440
1201
4612
4070
8878
8502
527
3850
3541
6037
933
6619
9384
4103
3889
7567
6431
7539
5266
681
7351
8725
8554
8451
2060
4463
6203
5842
2761
5289
1795
8586
342
808
7797
7438
3565
9357
9481
9532
3139
8624
2384
8774
9924
2774
1054
5011
4256
4751
7714
2290
3570
264
1462
2124
6746
2759
8273
4208
4370
2603
6299
2381
1983
2034
2467
6208
8341
5644
6156
4908
4529
3308
1154
1299
8916
9695
8406
9631
2388
8964
8517
6762
3521
4032
3818
9396
5369
7113
8351
8713
3046
4981
3131
3065
2299
7972
4414
1644
1561
4746
2728
7618
5949
814
5167
4127
4076
6938
4852
3414
1495
2148
9659
8773
7645
4987
4801
5802
7966
4074
7444
2633
9256
6965
5096
143
4453
8764
7256
6396
8232
3178
4029
308
8758
7375
769
1856
6751
614
4313
408
2880
9747
8094
1474
9970
167
1228
4474
9753
1823
9938
6262
3544
5342
505
5900
8613
1622
9029
8987
3266
2128
883
2262
1769
2831
6158
7623
2519
2555
2796
5512
3671
7499
7102
7220
7516
4035
3065
7827
8054
9625
8619
2023
9344
3696
2810
8153
2862
4693
3942
1546
5024
6471
4928
2416
5828
3154
9717
3815
5606
5794
8734
1344
3161
3930
373
2356
9315
4498
8421
486
7055
6244
7268
6604
8890
9526
6504
8375
9423
3304
9472
8356
4493
3533
8062
1363
4455
6040
5051
8234
902
163
9807
5518
8739
2938
5063
8742
8256
7083
2730
542
8190
8775
93
8721
2075
1873
9867
9653
9927
9048
4064
9743
2995
6830
706
9358
6325
1342
2858
6747
1641
2791
811
8554
4283
4746
1550
1651
7886
4660
1051
1324
8561
1463
8548
1549
8915
3569
8645
4336
3088
9054
9819
2882
8098
2803
6955
1287
1262
3849
6069
2623
5265
5576
425
2163
9263
7677
389
7779
2212
8831
9248
5360
9161
8853
4667
4335
5322
221
579
8328
5003
9121
7997
6482
7221
3211
2597
6495
7132
6133
6151
8601
9280
2582
2622
6280
8078
5520
6462
8318
7874
169
6896
4976
5126
8504
2920
7382
1517
3413
7901
4324
5615
497
7566
2645
455
3131
3976
5250
2365
4656
1489
3110
2311
7076
7469
5270
9784
8445
7605
4781
1936
6942
3467
6889
2065
485
7990
7519
5449
6736
907
8149
9596
4939
9785
9737
1549
4747
3865
3695
1433
6326
9346
5474
1384
9774
3421
6692
6278
2694
7966
9803
3689
3685
9247
14
8625
2959
7355
9814
1021
4270
9539
8098
9625
5446
6467
9857
9328
9567
6539
5368
3344
5777
6710
5542
1272
4587
9319
99
5366
8009
7227
426
5389
5924
4501
5667
8320
8982
4567
9050
3882
7045
3527
5282
5454
113
4969
1302
2881
1247
8205
9215
3186
8164
5140
9414
5711
4192
6902
9470
3292
4301
8245
9746
3552
3040
6385
1287
3432
3353
2442
3844
3676
3404
7648
712
1414
4129
1041
7321
5717
3114
7410
7556
6837
5936
5677
1131
6839
2030
9715
7936
6709
6685
5483
2083
9386
251
789
1563
2728
5521
6400
3441
7047
495
8330
6394
3557
6247
321
8847
5484
4609
7639
6439
494
7815
5731
2858
9118
9670
1822
1545
4646
2873
6570
7479
8447
5018
5845
9236
5450
3904
9426
1419
7092
1501
652
3998
7021
4249
4314
3572
3896
5924
6933
4010
5328
297
9168
3008
5100
520
5799
4375
6992
3420
3036
2247
7989
2921
874
2706
7815
8428
6421
7664
2163
4246
3287
6506
6898
7625
6895
8128
450
874
5468
1109
1567
5006
999
1980
6909
7564
6595
9846
3818
6021
4784
1438
87
6664
8067
5948
9435
346
9955
9154
3362
4565
2913
2383
9724
2095
4233
6034
8395
5144
2981
4981
4097
5153
7052
3888
6485
4839
6460
374
3352
7896
8429
9898
1331
8769
5213
3452
241
9436
2342
6319
1794
2869
5281
3755
2431
6525
8207
4278
7303
5639
5200
2653
2891
4247
1773
3316
9385
7232
9870
6391
1289
63
5529
109
5825
1432
4430
6075
904
9950
6010
4499
2849
8486
1111
4668
1259
2522
8146
2474
3629
7076
876
9841
312
5727
3814
1986
3756
1758
6416
528
7589
3608
6767
3724
2293
3914
92
9401
6143
1231
8487
8302
8949
1045
152
9391
6393
4981
8416
813
1049
4214
8481
4270
6284
9090
354
5802
2283
7660
3872
123
6217
9849
202
8641
7649
526
4332
4562
3665
6343
8939
6298
8954
2335
2753
7691
3956
451
6708
2728
4176
2283
3148
6765
4764
8416
4701
1384
2520
7108
6339
8462
2953
5835
2275
2226
6245
4147
761
1828
4511
9889
6318
8473
2092
255
6319
9419
8383
5200
7576
1409
7548
7858
4186
6365
2987
8348
8756
8386
4406
5053
8184
22
5708
1736
1192
7872
26
7177
7529
3185
7262
7591
721
9305
9701
7731
1268
8045
6718
4400
9824
5736
1012
7307
3009
8718
6236
5950
907
7938
8244
7379
2823
2822
3043
6980
974
8088
7316
2350
8558
6100
3284
4671
4276
9868
1950
7682
7983
9824
6172
546
8629
9502
3307
5235
7971
3611
2915
1389
2584
8374
2833
5028
8934
3515
1959
7122
6413
7876
3664
8497
1609
4947
8534
3863
6699
3839
2072
732
6242
8732
4546
9144
2895
9056
4731
2452
3376
8065
5294
4589
6429
524
4333
2747
1848
2459
267
8557
4968
2510
4627
6531
3264
803
5747
5643
4680
2944
5712
6651
6837
1754
5516
4432
6427
7003
9457
6043
616
6695
5058
3231
7645
9541
1717
9567
234
1004
9596
9252
8785
134
6336
3684
10
9002
551
194
7340
7653
6971
1873
9833
5136
7340
6048
1655
8387
4082
1641
3444
1237
5926
1292
4832
9369
8702
6888
5964
2486
6871
7581
9128
7252
9420
413
3548
7315
9548
3778
3311
7033
9932
7536
4697
8548
5395
2518
5553
7979
5812
5037
2311
1731
5783
7354
6744
3790
8429
4359
142
9105
6317
4263
8363
2946
8495
399
6509
7072
1055
6393
7729
6522
147
6476
8777
6416
7044
8902
2058
5114
7037
9095
1846
4252
1081
6574
2291
5923
3970
2120
3939
7262
8108
9722
1152
1595
4642
4032
5155
1898
442
7822
5921
9496
5819
3322
1638
4016
4830
8355
1881
8958
9289
2783
2887
7003
6813
6090
3443
4699
9408
6525
8251
5109
3289
2609
8200
9330
2962
829
9438
469
6304
9352
3930
2530
5588
9278
4868
2714
9225
2516
1014
7492
9811
8850
351
6789
7853
7855
5597
1063
796
8650
8122
3547
5161
5
9131
3267
5361
2634
641
8502
3035
2590
5540
7235
5991
1010
9634
8576
7419
7295
8002
76
6412
2987
7864
6839
1104
7787
5839
5744
249
8071
6192
6269
8235
7727
3785
9211
3660
7104
3509
7430
3205
6070
5374
9205
4969
7356
8988
3746
2183
8937
164
3666
1157
447
4859
4360
6538
7320
2984
4342
512
2815
2037
9619
6318
507
1639
7965
5956
6491
8705
9386
8423
633
8328
5880
2382
2197
3914
2808
4228
7602
2261
3824
3961
7405
5186
440
6764
675
6363
6557
4556
4185
5687
4924
2712
6958
4902
7478
6018
4426
370
2100
2768
5494
4409
9887
7662
4712
1102
6355
8457
9816
4654
5898
80
1934
1406
2612
6266
4713
6541
3262
7461
5376
9637
2898
7544
7349
6964
1182
5
4294
6754
8204
6481
5282
636
8248
4174
4693
1410
3673
7635
2178
4534
888
1782
2347
1391
9425
6299
9007
2814
1884
6483
8929
7787
847
349
1581
5481
3171
8584
8493
6942
9978
9986
8489
4286
962
713
982
9302
1771
1207
2833
1585
5236
9980
2603
7737
7894
8216
5997
4553
77
4794
8514
2239
6197
6219
4322
7763
6841
8423
6082
8693
393
1737
6595
4509
6891
1979
3372
2286
5751
2837
628
2958
3227
3470
4108
143
2337
9165
8468
7987
2170
8782
1360
1540
32
4522
4487
8367
4036
7805
195
2807
9849
4943
6493
6222
9107
6139
6150
4444
8330
9941
4299
8053
5498
7395
996
328
5017
5538
7920
2980
5546
7922
1230
3174
537
2252
5287
5145
9823
8688
5841
2878
5015
4979
8640
8959
4972
7912
7086
7286
5414
4865
4503
513
3714
4975
8272
8049
1014
9915
6194
2940
6695
833
9104
6515
8810
7591
7076
6654
4578
8403
37
2865
6837
7640
3232
7099
6614
7433
2461
7134
5700
7770
7185
4462
4291
753
237
8846
3183
9067
2223
8769
7275
4213
5425
2084
6717
4402
8431
3023
8589
3093
2434
5857
9924
3264
1895
1993
7215
9211
297
8899
8163
5125
6109
2423
5077
6975
1980
1955
4299
3982
858
8825
5116
4579
8521
1118
1568
1325
6928
2897
5267
7892
7498
8612
5418
1153
6235
6665
1759
3638
3633
7981
5229
2502
4196
3669
2147
6608
6683
7121
7051
936
8779
6282
6641
3612
676
5972
7813
2142
9023
9769
8930
8933
8906
7728
1318
5974
3689
2338
1555
9436
7201
2313
2909
7547
9589
7602
2417
8606
7520
6914
2972
5576
9510
9546
6779
7344
1050
6598
2748
7023
2617
6148
696
267
2893
9589
4900
7897
8001
4393
9030
6687
8880
6795
8593
5131
6551
8698
2139
659
2288
8620
113
6243
6713
1545
3947
9595
9659
2945
4964
9190
7180
3768
5055
7836
4400
2560
9854
2243
3084
2051
7196
1154
6258
7139
5499
3601
8335
5119
8172
9555
6218
6350
7048
5310
8237
9071
3843
7024
7514
9743
750
8811
5192
2153
9392
6699
8923
7184
3718
7778
8712
7436
1983
1347
2287
4992
7624
3258
8567
5662
6548
4411
3592
8804
9513
372
130
8748
4998
524
932
4873
3961
1099
4006
7337
4682
6203
1747
3800
2745
638
9332
805
5766
7234
9562
6765
2533
5705
7107
2295
3753
1691
3389
4456
7934
1040
9677
9655
4808
1315
9755
9299
4230
4508
4039
581
1313
1276
3043
6472
8197
774
1741
4035
9466
2805
9722
3132
8304
5501
8681
8450
1100
6273
6471
3906
3994
4035
721
6131
1238
8977
810
1774
2896
5246
9071
7596
4278
1245
6945
131
4634
16
9904
421
5598
9581
8764
928
4679
2009
5112
2878
8765
3612
9796
7115
7338
2199
2251
1349
5008
9960
3231
591
1252
1871
1906
3166
8793
4999
338
3759
7572
8966
4709
1258
9057
4742
1365
4941
7542
6699
5226
4871
5894
3649
6301
3992
6073
4897
9455
3418
3132
1481
3165
1395
9003
792
1431
8815
3049
8380
5106
7239
8987
4911
5757
1229
6340
1075
9075
6674
7139
6172
3691
6949
69
1568
9536
6553
5240
8539
5154
5921
3829
5842
2745
6562
5411
3542
2436
1929
4204
4537
280
1195
5586
5380
7547
620
4859
1400
9244
7440
291
183
1231
5862
5358
9427
7739
8122
8398
4949
9092
5527
1905
6608
8586
4015
3108
4376
2365
9743
7850
6776
4462
8428
3238
892
7888
193
6821
5629
198
3894
8728
4243
9930
7796
4854
7350
866
837
6783
5138
27
9573
1292
7117
2545
5631
2708
7196
9624
221
1115
1731
3713
1534
9600
461
6026
4324
2602
4825
7704
6784
4733
9734
2032
7713
7453
3882
6139
8216
2839
8776
4281
3909
373
2376
3097
837
1574
2487
7839
3352
3752
355
2139
9917
1229
1598
1865
9524
6730
8370
4335
6392
1072
2103
9752
6330
7648
7290
580
4714
807
34
7666
476
4933
8360
2201
8578
8177
8445
4121
3239
9602
7365
786
5719
6611
5833
3981
100
9773
3134
6793
7809
2297
6541
4328
3550
2038
4111
5074
8818
9823
4407
1417
7444
1806
755
2632
6791
1662
525
4334
4839
9102
4206
1445
631
184
305
9483
4550
4224
7962
2437
1894
1271
8634
9037
2004
6707
6546
5657
2385
6004
3835
5476
1092
1305
509
6992
2176
4557
2360
7291
632
2795
7042
1674
3776
2619
3470
8323
9763
3685
255
3267
1996
422
6288
8138
4068
8041
2126
4069
6504
6217
6051
7904
8235
5802
8423
1987
2732
8443
1812
5819
4258
3405
8767
8690
1831
5475
1365
2301
7512
9316
8774
735
9265
8279
6672
9752
4
5810
3205
5289
9509
5845
2417
7594
517
3527
1626
6889
1488
3799
3412
626
3926
7423
9083
7448
2384
3916
3518
6382
2975
6093
887
9928
2400
7180
9248
9012
8120
576
5321
6661
5889
9204
4759
5064
2775
567
7569
8863
6750
5188
6453
1432
1218
3170
4691
1587
6530
2153
6637
1751
8657
6711
7655
4856
1880
6301
4628
6167
4987
813
3953
6809
7518
4600
1974
627
9589
511
1022
8294
6862
8049
7344
7873
7379
2192
9055
1189
1160
3257
6950
1867
884
6364
9928
4631
35
9901
1427
1798
8827
2220
2734
645
1465
7272
5734
1565
6837
359
7749
2028
9841
3307
3706
1342
4959
8465
6800
4267
2382
9628
238
5826
8293
5106
4870
4513
5378
972
4960
9442
3748
1117
7577
8250
9576
6873
254
9684
2628
7560
9533
7233
4587
2982
7134
2904
7975
1864
3611
6692
1171
6126
1587
1822
2227
5914
2173
5711
595
1864
779
5541
6826
1259
8536
2582
7607
4430
6644
3727
8003
8645
416
7212
9132
7775
8748
5607
108
4085
406
3749
4002
3373
1966
3599
1326
2801
2032
7629
6173
2523
2551
2261
6334
6392
101
6907
3147
4391
5242
5571
6877
9120
8695
6755
8740
4927
9515
3103
9442
8200
6039
7563
526
3203
9126
7665
893
2349
7183
9544
9393
7121
4139
9200
3414
9511
1508
4039
4775
4464
4647
6755
8534
9510
4442
5418
159
9042
9700
8867
5302
4045
5988
831
4688
3118
3297
2487
6212
2156
2421
5968
7314
6650
7807
4375
6410
8975
9470
9357
2156
3220
4704
5493
5126
2390
7949
7201
4739
4364
5045
9372
3948
9648
9134
2857
7118
4017
8857
6160
6189
9269
8132
2076
7112
9732
7664
5264
186
910
9
5143
8147
384
1685
8919
7427
3988
3568
4949
7609
1685
8880
2806
156
2690
6464
4239
5853
317
3832
8352
1406
9822
3646
301
7268
2462
8759
2816
8441
2303
500
3405
8898
7985
7371
7791
1145
613
571
4573
5845
3033
9283
5
6047
7626
5637
5011
7632
7910
7168
1546
6042
3265
456
7624
1137
1360
8798
310
4740
6752
2149
9767
7664
7155
4879
8769
6104
36
6281
2704
4235
4414
9502
7282
4147
9374
7851
6103
8448
330
5917
7625
2700
8469
9755
1617
4682
8871
6792
7126
1478
3106
9127
8696
9856
2997
2639
9427
8103
4601
2301
363
6843
7731
8633
4814
629
7194
7092
2101
59
4448
1706
4994
1135
1783
7263
3461
9314
5383
3158
7749
5696
9500
988
9161
1118
566
3638
7725
4736
9296
6908
4412
3746
2826
3089
2170
7267
4588
3787
6120
9539
9333
5127
619
2420
3779
7038
9093
6439
6187
662
5816
9689
5528
4549
8438
9202
746
8419
1079
7958
9998
8324
3607
4626
2601
1378
8093
9324
5038
2819
6103
3245
4896
1072
2292
5743
9148
1378
7871
9512
1018
1412
7815
7360
2663
2948
5217
7227
9880
1252
5422
8309
304
1801
1259
9110
588
5577
3927
1481
737
2399
7837
7025
5466
1534
3402
5705
2274
6276
9721
5426
6141
7616
7713
9139
2137
6635
8079
5106
2792
5175
7296
17
5259
5489
9869
360
3736
9659
8035
1315
4425
1051
8501
8530
2038
5690
5131
9011
4903
3074
3720
4918
4602
7660
8357
7215
8449
9685
9638
2120
7022
9901
1792
2188
4666
626
5433
7880
4716
4192
3709
5605
5911
9262
7691
9593
3025
3826
9932
2724
8248
6077
8613
4118
8862
2850
5458
1897
9364
8377
817
7812
6088
3763
8119
7363
6512
4239
7289
5292
1504
3990
1070
4393
9234
9807
9020
8099
2488
9279
6911
8039
6901
8520
2420
5609
7165
3744
4195
5206
9508
1401
6761
7774
3028
2588
3961
8770
3747
3170
9
6513
9761
23
7735
6902
2316
9340
6921
2946
8677
2005
2400
2223
17
5153
6538
3300
288
6204
8890
3452
8806
2460
7690
260
9132
1336
1294
5404
6601
9510
5280
7510
6553
526
6480
6369
820
6771
5431
2213
6037
2786
2216
965
6420
9332
3651
4906
6002
1295
8816
2972
5423
767
9934
7826
9815
7057
943
4380
816
5881
569
840
8413
8180
8098
9481
8037
6605
2595
5756
6947
9113
3840
683
4528
3354
5491
1784
399
9872
7561
3547
8649
7945
9539
3658
3308
7373
8717
2983
9951
9417
1705
6967
5902
5332
1455
6972
127
8867
8787
1848
8459
9765
6341
4891
924
847
5947
8125
676
3184
2530
902
7859
6650
8262
8700
2074
7594
287
3638
5401
2691
6515
6216
7825
8996
6472
5987
7193
9344
4507
8411
2624
1521
7564
6949
1802
776
7570
8472
8134
889
1061
1102
1853
7574
5003
8480
4721
4720
4777
3925
7962
1287
2433
9338
3234
6174
657
1713
7123
3578
2977
97
7058
475
154
8775
6361
9512
9385
7937
9976
1787
6249
3909
1956
9363
9617
3507
7501
599
6981
6661
5593
2572
6491
7101
9552
4398
9036
5128
7784
2379
2931
4731
3837
2938
9692
7532
1911
398
2778
853
6873
1789
2825
3326
2953
3983
774
9692
2553
9388
2395
7069
801
1611
1989
6545
1233
5929
4361
7589
779
7199
6736
347
3242
9068
2273
1443
8408
9839
1369
3983
3767
7891
8808
6534
8548
7732
5267
5500
7501
6576
3033
3575
7730
9470
3364
3012
5091
3352
264
2897
7588
2049
7019
9114
7493
298
6704
1975
5517
1973
6668
9004
2594
5387
4702
4698
8804
7991
9569
1900
8181
3911
3118
9115
7329
3114
4290
9354
4019
1416
2903
2449
5140
5805
2702
9024
3342
7563
7596
6076
3
5696
9173
8389
3081
8288
1328
9617
6963
3057
2253
1597
350
5234
9450
2647
4857
463
6160
1761
7730
3398
2398
6270
2366
2671
495
2900
2917
9420
5053
4877
839
4778
6016
8038
9779
2282
6113
8747
5503
8768
3903
7099
6476
1347
2949
1252
2940
8177
917
1408
3906
3191
5210
8967
8067
7271
4992
6963
7497
4365
7430
4844
4334
4322
7576
7674
8625
4124
3150
8709
6078
6785
5752
7488
9778
2917
5850
9625
306
6720
8914
6676
6317
5963
2961
9476
2429
2795
5625
7575
62
9708
8662
1553
1876
1733
7838
1117
8075
8986
9723
1091
8849
2456
4875
7652
2620
267
5180
4605
9703
6153
6693
8159
6467
2381
3656
2995
978
1631
2056
3318
6738
6410
3898
8788
2712
6182
6794
8101
1888
6022
6296
1627
6148
3488
7431
4496
7225
68
4873
2882
7432
5571
6219
3145
3980
3961
6446
7617
6010
5790
4918
4123
5168
4061
6915
6729
7083
4317
859
2294
2686
6308
7317
7720
4000
5990
9536
9688
2460
6482
8610
5468
2024
114
1020
9250
4443
571
5276
8318
2896
1499
9306
8144
3454
1747
7244
9560
6811
397
8986
6352
9555
8925
705
4253
1337
1822
27
6696
6105
908
7363
6866
5858
7912
10000
2153
5489
7747
7651
8160
6455
9143
2575
4778
3052
7361
3326
555
9236
9148
94
5127
5372
8250
3560
1559
1236
3631
508
8489
1464
2916
8472
8844
6617
8108
3059
2787
1741
6372
7318
9119
7184
9236
3199
9895
1486
290
1605
6181
3743
5408
8665
3736
5211
4550
9367
5423
5756
8108
4539
5093
6026
1074
4400
7620
4814
1809
6911
26
4170
7147
9018
5871
4243
6733
7042
700
8774
5730
6717
1315
8759
3044
4663
393
4273
4979
6881
9529
3361
5030
6935
9781
5425
8248
5571
5067
583
8439
8030
5414
8926
4291
3838
7240
1357
4270
9133
5344
1496
1603
9848
9041
6914
7195
8541
8852
6177
1269
3981
7784
3854
212
4235
1945
2017
7150
3530
8104
1734
4283
7553
7392
6989
9750
3136
5097
9553
7398
2617
1367
9157
9119
7079
6538
438
4423
7846
6354
1855
6563
6070
9379
5121
4936
4310
434
486
3973
9744
5632
4877
1246
9253
9715
5443
2750
9947
2824
2907
8344
5706
1995
7633
1230
8373
23
8252
1934
3590
1996
1876
3459
5665
2535
7656
3486
1642
487
4244
6052
1134
8769
5529
1812
9433
6612
1195
2164
3347
8510
498
4065
7998
6514
1854
3943
4608
506
394
3792
6984
5721
5910
3918
4743
3950
5118
3811
5523
9521
631
5190
6983
6215
7391
928
8626
2874
3242
9838
4225
6476
3874
1765
6660
3259
6471
8801
2530
2671
3745
4515
2575
9290
3101
5497
6430
9501
3348
2103
3507
3129
2003
9089
4717
2434
6165
947
178
3964
3251
5192
1094
2197
3257
8690
6430
2014
5622
1531
557
8165
3394
9973
8602
6522
2983
2930
2636
152
1719
6595
7440
6561
8507
6302
8815
6259
5836
5814
422
9109
6247
7859
7793
4269
2911
9594
4570
3710
9083
7078
3649
8780
461
1905
8325
1380
6787
9173
8480
9382
525
8356
9297
404
4403
6352
5418
1736
8324
1560
752
2073
5160
9014
9436
3215
1622
579
2847
5344
6653
8405
9504
8639
4826
9617
6892
7912
3069
1055
3369
7733
6777
4561
9329
4129
1640
5465
1462
3423
9500
4045
6662
1540
6829
574
6007
4389
311
2970
4790
6406
8009
7282
1621
8859
502
4320
2677
9841
5455
6640
5804
5035
2248
1447
4459
8847
6677
8769
1236
3878
2092
2034
6937
2329
6228
87
7010
2598
1499
295
1431
4960
33
4185
2921
4241
9455
8091
3456
3732
2950
1718
1772
26
8396
311
134
3211
7218
8265
2261
678
8888
1605
3562
3329
9110
5008
1810
9777
2188
2777
4365
5872
4070
5922
3241
5154
2893
348
781
815
6568
5579
5076
2376
7226
461
1598
8128
125
3093
3474
7359
368
1073
9335
1546
3665
7101
850
4897
5491
238
2027
1528
7775
717
7508
5831
7257
9458
3325
3799
1318
3459
4635
8178
7429
4500
3182
9089
4960
4489
9740
5935
1882
9907
5307
2460
3657
1757
6188
4863
1843
5870
62
910
957
457
5750
2437
7714
4961
7840
6663
4590
3044
8392
5540
3475
4393
3044
3784
9658
9646
1676
9120
4214
1230
9834
9847
487
7701
900
5064
3308
5559
1606
9918
8796
6705
8230
2405
4261
5797
6766
2801
7041
5375
8668
8873
1683
661
565
6970
1635
6021
8809
1216
7005
4689
7245
7475
4869
3823
1268
9411
6826
1406
8348
2096
7541
9756
5469
7349
3006
2340
2772
4948
6067
3844
5048
4726
1860
8314
1615
2981
8078
8314
971
3340
8763
3606
2997
4985
1480
5582
3013
1561
4532
4567
1067
8535
911
210
5425
2532
327
4940
3990
9307
7132
865
7292
3247
648
282
4716
9289
5459
8910
6814
7496
5749
4195
2745
9481
8924
8075
2642
1391
7626
5791
3937
1279
6068
9019
3073
478
280
3302
5352
5146
820
6866
7891
6630
1979
867
8167
253
1472
7797
9990
3393
1851
9091
5461
2586
1176
9111
810
2803
3889
1387
6358
2766
6340
6484
9648
1725
9174
5686
4854
8477
690
1808
2351
4195
7626
4714
9980
8674
425
7511
6934
5560
1293
2736
2211
210
9561
2868
9780
9437
8287
205
4740
7363
7446
5440
24
9160
5134
185
1610
4120
6470
9884
9979
7990
1420
9310
6099
183
5627
6606
6630
6229
6118
864
4796
9171
6220
5600
7005
6306
9705
3665
637
9708
8395
8495
7670
2269
7235
4683
7875
7239
1187
3448
2269
7470
7065
2843
8243
9912
5142
2626
3033
9162
6355
9913
9941
507
4159
3335
4000
2260
8737
4419
3461
4015
8678
2028
390
5622
7715
7961
2475
7458
9078
5826
6324
4909
1695
533
4315
9062
6107
7503
2394
361
8299
7171
8288
8199
550
2080
4490
2815
603
445
5450
3413
7447
6742
3317
3435
9077
6103
1568
7186
3856
4195
1443
1025
1316
2382
3910
2143
7641
6048
5804
5204
1231
3840
7757
2607
6418
6645
1106
683
1125
754
5127
1606
727
1139
6713
8179
9515
8946
8988
4152
7824
8656
7744
8842
7533
1074
8466
8845
4509
514
8832
7851
8765
8338
6403
9602
119
1020
400
9366
7123
5836
2372
4762
5617
429
5005
2813
7818
2004
9192
6617
7350
9926
447
4739
7087
6749
4517
6893
263
8111
4739
6083
2764
6464
7204
2126
815
6421
8613
143
4566
1665
773
6342
4007
4376
3496
2251
772
8718
1718
391
8784
3120
8260
559
3577
2487
4629
1596
6299
7222
3498
6102
5453
1195
7058
536
3351
3242
9171
9450
6935
2816
6889
161
4527
6813
3116
8189
3960
9370
5045
6144
1013
6497
9207
2987
4977
9254
651
4836
6914
8121
4767
5415
7516
1711
7516
3604
2872
8507
6420
7309
6188
2165
665
2922
1822
2720
3174
4025
1336
5786
1606
1392
1742
9080
7208
8556
2235
3989
9676
7146
9273
3688
5771
1868
6066
4785
9042
8636
9696
98
7991
5514
9311
432
1364
8832
3074
2187
6291
3469
1339
6485
7609
9197
3658
1837
5708
9838
3455
210
2643
7751
5456
9219
7198
1659
9085
1735
5850
1552
4053
2238
5514
1005
2356
3642
5089
1522
3004
1219
5962
4693
5808
5374
4964
7422
9628
7465
9154
8287
6057
9535
6020
7315
2395
3826
8476
8956
717
3954
2570
3480
6433
4302
7230
1440
9918
6161
3004
2753
8511
7360
6103
7002
8915
9070
1811
9547
9690
2834
3101
7424
8469
566
6342
2651
2943
9522
605
1282
6076
2717
6831
2202
7085
4934
2521
5576
4172
3312
9951
8860
7757
6967
2702
7839
1536
9198
499
5510
3721
8411
1623
5445
2947
9723
1072
1487
9467
5565
2599
2973
921
7180
3075
9660
1105
6719
1088
8571
9783
4221
1561
8683
6790
9520
1173
4199
3102
6954
6909
5348
6805
2981
8415
2652
986
641
5738
9691
2325
7048
2811
2694
6316
445
3502
7099
8959
8541
2106
6441
9738
5308
4271
1829
3174
8058
9731
4847
7255
1785
7582
1114
9434
7562
7871
2118
2899
7418
8555
3575
7374
9398
3135
6491
3889
5308
6506
6338
8252
8431
2679
7881
1421
8141
3732
7961
6121
9957
6333
1867
746
5766
6585
368
1087
1812
8562
2529
5958
7864
6440
6097
3951
1793
8082
5037
2865
2
7161
6206
8633
2155
5679
964
1258
6061
7398
3561
9815
3859
5616
6345
55
8406
7787
8200
1553
4110
2847
6455
415
5001
6588
4537
1810
7569
5990
682
5609
164
9335
6564
1525
1995
2148
6404
2498
5016
8346
5765
2549
2082
9643
8473
4764
8026
7785
9587
7262
1651
3203
6208
4101
531
4656
1946
6507
5151
7922
959
2937
9277
1605
2610
1820
3436
1700
8244
5797
2393
9046
8774
2837
9482
5462
9044
4409
107
460
9234
6182
2886
2036
792
9541
2779
5003
5234
9609
335
5480
4743
4755
4653
2550
4762
966
7811
1540
8649
6870
4673
1459
5700
3098
823
5707
3268
2621
3281
641
8262
1258
4128
6649
7954
8726
6395
6119
6756
7755
2159
9629
1108
8461
9397
9134
7392
5864
3644
7908
9247
1521
1981
2621
3552
7198
2618
942
5117
7920
6443
8038
6185
4621
5481
8536
8039
5973
3234
4456
5006
314
2383
1838
1049
2711
5627
7359
1165
5192
7059
1497
3180
4080
3515
7099
7217
854
1690
4805
8523
678
6927
931
5376
7032
8379
1411
9708
7057
9618
2183
7054
4486
9087
7100
7320
2222
3910
8843
3449
8942
731
2421
6515
7314
2945
8304
7876
9645
7240
5218
8265
7317
3603
6748
394
5534
8173
5268
7145
5892
4840
9956
2221
9441
9250
5431
4634
6385
7686
6625
7748
2335
4771
2966
7994
1358
9675
1774
6417
8900
8015
3582
3756
9570
8255
9197
8883
2558
5363
9477
381
8049
1441
2413
1522
8490
5077
1406
6965
6720
21
637
1217
1483
9251
1287
4266
6409
5511
7881
1056
194
8591
2320
796
5776
4967
2788
5637
9709
5252
6507
7083
2378
3807
6714
9579
5754
3855
6280
7089
2448
2994
2251
4044
3032
7147
5791
8473
431
7437
1854
222
4603
3395
8182
8369
3129
3529
2380
4928
3334
6247
3037
258
6476
147
8201
874
1574
1213
1493
3881
8619
5238
4533
2663
5083
5065
5624
3593
4890
1752
4554
3821
4213
5741
7393
1919
5423
662
5587
6860
9963
700
1333
5624
3228
7017
7475
1775
2539
948
5429
8815
153
8825
2714
1247
7460
7331
5334
788
9565
1873
6392
6460
1389
918
579
8982
4548
8203
4618
9003
7879
9677
1818
6857
5379
7890
6669
4155
57
8371
6906
5952
8948
3762
6045
3537
1144
8783
1327
4990
6704
4168
1061
1956
9914
612
9330
9920
1893
7922
6697
1529
4942
7229
5156
4359
1433
668
7349
8067
5525
3633
3957
6232
6340
7786
9468
3718
2996
7121
3103
9879
1728
3120
2900
3182
323
9942
7789
6484
6692
9450
564
8905
4683
3661
1658
4040
3821
6374
5035
3211
1181
6402
1534
8611
955
9502
6583
6183
4684
6240
8864
9906
3476
9458
233
2100
6450
5639
6446
672
2800
9751
5619
9841
5779
5179
8840
4832
1232
7643
9550
1772
8052
7027
3522
6428
3653
114
3586
5665
4352
8762
926
3806
4292
5865
3673
6658
3182
8050
7165
8977
6547
2848
7501
3040
1963
1725
3665
7604
7089
1199
7863
5934
736
3145
3097
7776
5161
164
8684
8752
8711
600
473
4410
1188
4548
5460
398
5364
9247
5021
2123
4672
2551
1214
4918
9195
436
4330
1713
8192
5788
2885
5408
3401
3449
5168
832
7501
7325
7703
9384
3911
3386
6342
5003
5415
1642
1867
5029
26
2603
4024
1672
4775
9092
1791
6328
9435
7839
7612
5474
1463
3452
293
861
3438
9081
6199
4686
9627
6287
1716
412
7727
1960
6018
4319
4294
7392
675
114
1545
1224
9460
2923
9390
9702
9924
482
402
8522
4186
4551
2281
5721
7167
6168
249
8738
7985
5128
3370
2213
4679
3548
8909
3099
6003
7298
7676
4817
7218
8365
9973
4923
6763
5928
9517
5641
4264
9034
8919
659
3667
7890
6951
2603
3170
4821
9677
7249
314
1381
4322
3963
6775
9855
568
8070
664
7229
4737
623
7540
8224
1600
6835
7633
422
1620
5606
4678
4428
3135
4998
6199
3843
8087
539
4484
9963
2083
902
1698
7211
7378
4282
7580
856
9648
6673
4242
322
7943
1062
9526
1700
2959
8207
8339
6779
1019
5983
5836
5879
5479
3412
4662
3945
6345
6004
3221
3646
9010
8992
9485
4495
2978
8349
4227
6793
5823
7033
5770
7449
4378
7529
3098
7046
9029
3500
8453
9975
5028
1440
8691
3731
4069
55
6771
671
2813
2341
9384
5218
2234
909
995
5436
9148
7064
4422
2108
4454
5633
7934
4668
8890
9036
8144
4457
5621
5773
6740
3539
3616
9124
8432
708
1959
9441
2113
3986
195
3796
3511
1663
8153
4928
8249
8705
1479
2963
9181
3305
4070
3530
8929
5502
2052
8487
581
2315
6069
3070
712
8963
8771
9294
8834
2269
8731
2322
7263
6462
7718
1210
4877
9523
9986
2107
2766
6555
1479
2964
4266
5423
2932
6054
6458
7716
7272
591
5782
4615
7601
9403
2301
6526
8681
5445
9734
5370
6049
5819
9847
5852
8673
9172
8714
2058
5837
9334
916
6266
452
938
5430
541
8547
3729
3110
2840
2055
2019
6873
1314
3361
7457
4351
4961
1393
3758
4325
1804
9572
9978
6813
6713
6942
1820
640
9850
872
6664
3033
3758
9877
6985
5811
457
7583
1400
6793
5720
7415
5600
6531
1004
918
324
8257
549
9210
7083
8376
5615
3268
4998
2210
589
1809
7918
7564
3477
9600
9911
2373
2852
6850
7308
9525
5177
9327
6402
4753
9578
6211
5739
4803
9255
228
5864
1231
5642
8200
2349
4415
9095
4047
419
5345
1071
5802
4432
8026
5378
5134
8904
2191
1807
7393
8420
8083
3553
2801
2503
5603
3916
6251
8957
6266
5568
9110
665
2362
4278
5409
6439
3803
3130
7616
3569
2151
8118
5332
4167
5296
4736
1942
4915
1233
2917
8877
8320
1329
1994
2901
2691
5237
7390
6571
4220
1765
6814
261
50
2994
8599
8552
7779
461
5416
604
4399
5423
4889
4608
9511
215
6936
9552
2730
4631
51
1031
7604
3595
6597
9957
7716
493
7778
9095
56
6519
8670
4936
75
9857
3098
3422
7195
2600
8077
484
2480
9030
3137
2627
8739
1061
2281
2100
8020
7689
7762
4082
9662
8410
6906
6305
9702
7391
2132
9964
415
8848
1190
9272
562
9695
4741
9233
9857
7974
6545
7593
7552
4953
851
148
7894
1434
1189
4971
7772
8524
848
7702
7777
4239
2241
9997
2442
2491
6058
3361
2305
6970
9915
1867
6638
4294
6394
7757
4459
7031
4307
3440
2218
59
7608
779
568
6098
7228
6351
9474
9302
389
5903
5931
4259
323
162
1057
8550
5152
4116
3338
4679
935
3963
8167
3017
6598
980
5698
5207
751
3425
5149
2435
1028
6963
9696
3765
1996
6727
7148
4851
1269
3682
4468
2262
6304
9190
412
6599
8458
7597
3175
1252
7545
1194
3088
6217
8390
2304
7304
503
3999
2379
9721
7946
5691
6486
4930
889
4918
4067
1691
9120
3769
5931
8645
2500
1692
6032
6199
8934
2172
9679
4027
8530
2936
8438
6142
2631
8212
7518
6356
7110
2137
423
701
4678
2158
6558
1292
4680
9814
3956
1628
4525
7382
9856
9395
9108
533
1376
2346
9712
8606
9480
4938
9162
2410
9955
6941
2991
829
1572
2764
7449
3736
2559
8142
1241
1084
4335
5099
3252
1607
664
8950
7236
9052
860
2366
7646
6168
1291
9996
6720
5546
1509
3064
9597
3291
5620
8357
8620
3859
1461
9370
9176
592
8551
5151
1678
6629
6327
32
4921
5941
8734
1986
7587
5451
999
1361
1994
3688
6928
320
5894
308
1061
6793
3536
7679
8268
2359
2852
6220
3069
1269
8760
741
1834
5228
5867
965
2449
7457
8013
125
7274
6595
9653
5045
1413
1094
3503
4281
1255
5121
444
4737
5226
949
3638
4480
2665
4213
4032
7072
1238
319
1928
2878
496
4255
54
1801
8371
6806
9534
5505
1417
2989
7093
4730
9111
2664
5162
8726
3644
1014
7971
9669
9065
4674
4811
9756
1967
4273
1934
9264
7039
5745
9192
389
8724
7418
1278
218
2931
8685
6522
2024
9046
9471
5950
9231
556
5805
7002
1887
4481
6754
6554
2588
3444
4288
7604
2111
7279
6370
6349
3293
4360
1718
3537
2680
2370
3931
3964
178
2117
4631
2093
5415
8654
8770
3801
611
3823
9575
7866
9075
9300
3385
1238
3757
8357
959
709
7483
3058
1367
3600
2697
2757
2509
6882
3372
9757
9513
7925
6260
358
9718
1096
5137
8571
4148
412
7656
8012
7563
9160
2239
2347
8796
6555
6169
3991
1070
5160
4476
4981
6155
3571
8473
5874
5844
4555
2565
9073
2900
6484
4190
2233
4690
3956
3247
3032
6418
2868
4486
4932
4807
7897
1381
6103
7986
7977
7049
9956
9763
6641
187
2428
3259
2555
5750
9116
7306
4122
1141
453
3413
6656
5570
9449
2208
7878
8068
5625
51
6618
8616
193
6110
8259
4372
584
675
6282
5067
6136
7754
7348
2643
2674
1612
4323
4434
5634
4220
9370
1536
5990
7830
4315
5082
5698
9662
53
4713
906
4852
5728
9408
8235
2394
2321
7217
4978
6725
2083
6945
3006
7178
7685
2302
3068
7909
6381
2554
6568
859
9568
7275
1809
2869
759
3720
6162
267
9599
4824
1093
6336
8604
6536
6602
6809
659
7280
8950
6935
6656
8378
3462
7805
9887
6468
2823
5861
5914
9640
7767
1699
1857
7831
7408
5964
7362
5200
1589
3677
4245
9217
524
6432
1897
8987
2016
7603
5280
5373
3461
8853
7447
3461
9175
5579
4854
6400
7769
4079
7103
5180
4752
306
4219
1613
7146
3527
2410
5356
2040
9174
7237
229
2437
8314
3165
7154
6503
3985
6675
5345
6509
4451
201
9898
7914
1005
8575
6734
589
5225
3671
4354
2061
637
2337
5110
7890
9423
2581
9205
5369
2482
1939
7603
2030
3557
3107
5646
4600
7829
5154
8818
204
5738
43
8923
9889
7915
768
934
4928
9788
6492
5870
171
8689
7478
3648
230
7319
9348
3909
4248
9768
8094
6296
3356
4893
5660
3115
6872
2595
2282
3959
4536
8547
3991
5158
1013
2213
644
1219
6855
2633
5730
3061
5799
5556
6170
5774
5327
9111
8593
6438
5076
1232
2146
4116
1852
5475
308
8469
8799
1647
9418
4671
1027
5901
289
4439
7583
1054
9522
6286
8022
1822
2259
9110
7004
5603
2832
529
2478
8479
6813
7130
1090
4517
4818
3045
5213
7464
7466
9175
635
9973
7256
1452
5914
5740
5228
6876
9599
4022
3925
1242
9103
792
348
6554
8613
3627
8642
5434
6406
3896
3400
4407
2897
7440
9922
8888
5379
4482
8856
7911
2443
4996
4117
3517
6565
3723
2953
291
2367
1374
1427
5434
2291
8686
8752
9938
269
8272
4443
788
622
4754
3769
9854
4410
4890
1136
215
4014
9339
1247
4054
7938
7874
8620
9083
4734
5887
9889
9644
8104
7041
4238
5866
8374
4738
4841
1717
2258
1392
7113
9047
5861
3541
6607
1126
7399
7710
9270
4852
6637
3066
5639
8888
5814
4830
1295
6020
3785
458
7287
9541
2068
2481
1121
3154
2378
7931
4226
4884
9631
5677
5342
400
742
1846
2664
9141
6186
1136
8426
5275
1086
6461
2997
1374
961
2026
3931
7260
9246
7586
2856
545
9301
2984
7362
5427
3648
8420
8677
2170
8758
661
7397
183
68
5742
739
5700
3177
9892
6785
837
1404
6410
5142
3145
4651
4633
4797
2611
8021
878
2994
4762
1309
9580
7643
4797
7553
5281
5539
6735
1259
5764
6245
1819
6447
6502
385
6020
6202
1491
7264
5738
5712
7468
9098
590
2365
3382
1898
2537
9472
2285
6431
374
7407
2655
467
6047
7211
1499
5212
6377
97
8005
3669
7857
3212
9625
2667
123
3148
7215
2702
2717
4709
2886
3643
8773
3920
8081
8975
6193
2834
6621
9010
9435
8059
4394
3601
5028
5637
3344
4035
1984
9767
3347
6981
4689
4274
1106
681
2678
4383
3594
6760
8950
5488
1073
2437
1536
7669
8893
9508
9054
2642
183
2613
7793
6868
6863
2092
4349
9257
7715
8669
8183
851
6287
7515
1449
1673
4384
5370
4467
8140
8249
2580
6701
5186
3215
9195
1098
4260
1529
1991
7321
8436
1605
7349
350
2246
6905
289
1556
4166
3671
5606
7374
2081
7594
2902
8763
4232
6831
1627
5316
5403
983
3685
3155
9874
4184
4856
3811
4615
7300
1917
3613
7691
7876
8743
8492
4572
7550
8145
4289
4721
4493
4715
7906
2872
5726
2413
5811
6550
3133
4022
3484
7943
2623
1425
5727
2926
514
7134
6825
1400
7777
4384
4548
2809
3739
9339
1116
4912
1317
5356
7543
7271
3140
6635
9157
6448
1516
1746
2538
698
8044
6217
4726
4235
8367
630
4378
9236
3430
5260
7195
3078
4521
1437
3088
5687
8588
6709
378
1075
824
5112
8373
5202
4936
7625
8362
1426
2132
4028
7172
2367
2236
803
9793
9315
4994
6408
4270
6722
9914
494
6526
4113
3640
9354
8591
7087
5517
5864
6631
4220
2867
5464
1518
7447
3284
5448
2076
9763
4040
7977
7436
9060
4894
1770
6377
4363
8571
7316
8428
3765
3592
8939
7616
679
2532
6117
7620
3910
3073
5877
8182
7012
9308
3703
2122
2494
267
72
513
52
5848
9082
9015
1798
1288
1045
4438
2477
3192
1289
9338
1960
4251
1136
3065
6846
9161
5337
2152
1949
5705
2898
3458
538
111
3676
8132
931
1397